00
200
1100
1600
1600
2200
2200
2200
2200
2200
2200
2200
2200
2200
2200
2500
2500
2600
2600
2600
2800
3100
3100
3100
3100
3100
3200
3200
3200
3200
3200
3200
3200
3200
3200
3200
3200
3200
3300
3300
3300
3300
3300
3300
3400
3500
3600
4000
4500
4500
5300
5300
5300
5300
5400
5400
5600
6500
6800
6800
6800
6800
6800
6800
6800
6800
6800
6900
6900
6900
6900
6900
6900
6900
6900
6900
7000
7000
7000
7000
7000
7000
7000
7100
7100
7100
7300
7600
8100
8400
8400
8400
8400
8500
8500
8500
8500
8500
8500
8600
8600
8700
8900
9400
9400
9900
9900
10000
10000
10100
10100
10100
10100
10200
10500
10500
10500
10500
10500
10500
10600
10700
12900
13500
13600
14100
14100
14100
14100
14100
14200
14500
14800
15000
15000
15300
15400
15500
16200
16200
16200
16200
16200
16200
16200
16200
16200
16200
16200
16200
16200
16200
16200
16300
16300
16300
16300
16300
16300
16300
16300
16300
16300
16300
16300
16300
16400
16400
16400
16400
16400
16400
16400
16400
16400
16400
16400
16400
16400
16400
16500
16500
16500
16500
16600
16600
17500
18100
18300
18800
19400
19400
19400
19400
19400
20000
20200
20200
20300
22500
23700
25400
25500
25500
26100
26700
27300
28300
29500
29500
30700
31200
31400
31800
31900
32000
32000
32000
32000
32000
32000
32000
32000
32000
32000
32100
32100
32100
32200
32900
33300
34600
34700
34800
34900
34900
35300
36700
37700
37700
37700
37800
37800
37800
37800
37800
37800
37800
37900
37900
37900
38000
38000
38000
38300
38600
38600
40500
40900
40900
41200
41500
41600
41700
41700
41700
43100
44200
46000
46900
48300
48400
48600
48600
49300
49300
49300
49300
49300
49300
49300
49400
49400
49500
49900
50000
50000
50000
50000
50000
50100
50100
50100
50100
50100
50100
50100
50100
50100
50100
50100
50100
50100
50200
51300
51300
51700
52000
53700
55300
55900
55900
55900
59000
59000
59000
59000
59100
59100
59100
59100
59500
60100
60500
60500
60500
60500
60500
60500
60500
60600
61000
62900
63800
64000
66600
67500
68200
70700
70800
70900
70900
70900
72300
72400
73500
74000
74300
74300
74300
74300
74300
74300
74300
74300
74300
74400
74400
74600
74600
74600
74900
75400
77700
77800
78400
80900
80900
81000
83200
83600
84000
84000
85600
86700
88200
88600
88600
88800
88800
88800
88900
89100
90900
91200
92400
92500
93200
94500
95700
95900
96800
96800
96800
96800
96800
96800
96800
96800
96800
96800
96800
96800
96800
96900
96900
96900
96900
96900
96900
96900
96900
96900
97000
97100
97100
97200
97200
97200
97200
97300
97300
97400
97400
97500
97500
97500
97600
97600
97600
97700
98000
99100
99600
102500
102500
102500
102600
102700
102700
102700
102700
102800
103100
103100
103800
104600
106500
106700
108700
109100
109200
109200
109400
110700
111000
111000
111300
111300
111300
111400
111400
111400
111400
111400
111400
111400
111400
111400
111400
111400
111400
111400
111400
111400
111500
111500
111600
114000
114000
114100
114100
114100
114200
114200
114300
114300
114300
114300
114400
115300
115300
115300
115400
115400
115400
115400
115400
115400
118200
118200
118300
118300
118300
118300
118900
119400
120200
120600
120600
120900
121200
122000
122100
122200
122200
122200
122400
123700
123700
124500
124600
124600
125600
125600
125600
126100
126300
126300
128000
128300
128300
128300
128400
128600
128800
128900
128900
129300
131600
133700
134400
134600
134800
134800
134900
135400
135500
135600
135700
135900
136100
136100
136100
136700
137400
137400
137500
137500
137500
137500
137500
137800
137900
138100
138700
138700
139600
140200
140200
140200
140200
140200
140200
140300
140300
140300
140300
140300
140300
140300
140300
140300
140400
140500
142000
142700
142800
142800
142900
142900
144000
144000
144000
144000
144100
144400
144400
144500
144500
144900
145000
145000
145000
145000
145000
145000
145100
145100
145100
145100
145100
145100
145100
145100
145100
145100
145100
145100
145100
145100
145100
145100
145500
145500
146500
146800
146900
147600
147700
147900
147900
148000
148400
148900
148900
149000
149200
149200
149500
149600
149600
149600
149600
149600
149600
149600
149600
149600
149600
149600
149600
149600
149600
149600
149600
149600
149600
149600
149600
149600
149600
149600
149600
149600
149600
149600
149600
149600
149700
149700
149700
149700
149700
149800
149800
149800
149800
149800
149800
149800
149800
149800
149800
149800
149800
149800
149800
149800
149800
149900
149900
149900
149900
151000
151000
151000
151000
151000
151000
151000
151000
151000
151000
151000
151100
151100
151100
151100
151100
151100
151100
151100
151100
151100
151100
151100
151100
151100
151100
152500
152500
153100
153100
153400
153900
155600
155600
157000
157800
157800
157800
158000
158000
158000
158100
158100
158200
158500
158500
158500
158600
159000
159000
159100
159100
159100
159100
159100
159100
159100
159100
159200
159300
160100
160100
160200
160300
160900
160900
160900
160900
161000
161000
161000
161100
161200
161200
161500
161800
162100
162100
162200
162200
162300
162300
162300
162700
162700
162700
162700
162700
162800
162800
162800
162800
162800
162800
162900
162900
162900
163000
163400
163500
163500
163500
164000
164100
164400
164700
164700
165100
165100
165200
165400
165400
165500
165500
165500
165500
165500
166300
167000
167600
167600
167600
167600
167600
167600
167600
167600
167600
167600
167600
167700
167700
168900
169600
169900
169900
169900
170000
170000
170000
170000
170000
170700
170800
170800
170800
170800
170800
170800
170800
170900
170900
170900
170900
170900
170900
170900
170900
170900
170900
170900
170900
170900
170900
171000
171100
171300
171300
171600
171600
171600
171600
171900
171900
172800
172800
172900
173600
173600
173700
173800
173800
173800
175100
175200
176000
176000
176100
176100
176100
176100
176200
176200
176200
176300
176400
177500
178100
179200
179500
179500
179500
180200
180600
180800
180800
180800
180800
180800
180900
181400
182300
182300
182400
182400
182400
182700
183400
183900
183900
183900
184600
184700
184700
185000
185800
187300
187500
187500
187500
187600
187600
187600
187700
187700
187700
187700
187900
188000
188100
188100
188200
188400
188400
188400
188400
188500
188500
188500
