1000
1900
1900
1900
1900
1900
2000
2000
2100
2100
6300
6700
6700
6800
6800
6800
6800
6800
6900
6900
6900
6900
6900
6900
6900
6900
6900
6900
6900
6900
6900
6900
6900
6900
6900
6900
6900
6900
6900
6900
6900
6900
6900
7000
7000
7000
7000
7000
7000
7000
7100
8400
8600
14100
14100
14100
14100
14100
14100
14100
14100
14100
14100
14100
14100
14100
14100
14100
14200
14200
14200
14200
14200
14200
14200
14200
18300
18400
18500
18500
25500
28500
30100
30200
30300
30500
30600
30700
30900
31100
31400
31400
32300
33500
37900
38500
39400
39500
48900
49300
50000
51600
51700
51700
51800
53500
55600
65200
70900
90000
97400
97500
97600
111200
119200
119300
135500
135500
135700
140300
140300
140400
142700
145100
149500
149700
151000
151200
151400
152900
154200
154500
158500
158500
158500
158600
158600
162400
162700
162700
162700
162800
162800
162800
166900
167500
169900
171000
171000
171100
171100
171200
171600
171900
173700
173800
175300
180000
185100
186100
