300
300
300
400
400
500
600
600
600
600
700
700
800
800
900
1000
1000
1200
1300
2300
2500
2500
2900
3100
3200
3200
3200
3200
3200
3200
3300
3400
3500
3600
3800
3900
3900
4500
4500
4500
4600
5200
7300
8000
8000
8000
8000
8000
8000
8000
8100
8100
8100
8700
8700
8700
8700
8700
8700
8700
8900
9000
9300
9400
9800
10000
10000
10000
10000
10000
10000
10000
10000
10000
10000
10900
10900
11000
11000
11000
11000
11000
11000
11000
11000
11000
11000
11000
11000
11000
11000
11000
11000
11000
11000
11000
11000
11000
11000
11000
11000
11000
11000
11200
11200
11200
11200
11200
11300
11300
11500
11500
11500
11600
11700
11800
11900
11900
11900
11900
12500
12700
12700
12700
12700
12700
12700
12700
12700
12700
12700
12700
12700
12700
12700
12700
12700
12700
12700
12700
12700
12700
12700
12700
12700
12700
12700
12700
12700
12700
12700
12700
12700
12700
12700
12700
12800
12800
12800
12800
12800
12800
12800
12800
12800
12800
12800
12800
12800
12900
12900
12900
13000
13000
13000
13400
13400
13400
13400
14000
14000
14100
14200
14200
14300
14300
14300
14300
14300
14300
14300
14300
14300
14300
14300
14300
14400
14400
14400
14400
14400
14500
14600
14600
14600
14600
14600
14600
14600
14600
14600
14700
14700
14700
14900
15000
15100
15200
15200
15200
15200
15200
15200
15200
15200
15200
15200
15200
15200
15200
15200
15200
15200
15200
15200
15200
15200
15200
15200
15200
15200
15200
15200
15200
15200
15200
15200
15200
15200
15200
15200
15200
15200
15200
15200
15200
15300
15300
15300
15300
15300
15300
15300
15300
15300
15600
15900
16200
16300
16300
16300
16400
16400
16500
16500
16700
16800
16900
17000
17600
18300
18300
18500
18500
18500
18500
18500
18500
18600
19000
19100
19300
19300
19300
19400
19400
19400
19400
19400
19500
19600
19600
19600
19700
19700
19700
19700
19700
19700
19700
19700
19700
19700
19700
19700
19700
19700
19700
19700
19700
19700
19700
19700
19700
19700
19700
19700
19700
19700
19700
19700
19700
19700
19700
19700
19700
19700
19700
19700
19700
19700
19700
19800
19800
19800
19800
19800
19800
19800
19800
19800
19800
19800
19800
19800
19800
19800
19800
19900
19900
20100
20600
20700
20700
20700
20700
20700
20700
20700
20700
20800
20800
20800
20800
20800
21100
21100
21100
21100
21100
21100
21100
21100
21100
21100
21100
21100
21100
21100
21100
21100
21200
21200
21300
21300
21300
21300
21300
21300
21300
21300
21300
21300
21400
21400
21400
21400
21400
21800
21900
21900
22000
22000
22000
22000
22000
22100
22300
22300
22300
22300
22300
22300
22300
22300
22400
22400
22900
22900
22900
22900
22900
22900
22900
22900
23000
23100
23600
23600
23600
23600
23600
23600
23700
23700
23700
23700
23700
23700
23700
23700
23700
23700
23700
23700
23700
23700
23700
23700
23700
23700
23700
23700
23700
23700
23700
23700
23700
23700
23700
23700
23700
23700
23700
23700
23700
23700
23700
23700
23700
23700
23700
23700
23700
23800
24100
24100
24300
24400
24400
24400
24400
24400
24400
24400
24500
24500
24600
24700
24800
24900
24900
25100
25100
25800
25800
25800
25800
25800
25800
25800
25900
25900
25900
25900
25900
25900
25900
25900
26000
26000
26000
27400
27700
27700
27800
27800
27800
27900
27900
27900
27900
28000
28400
28400
28400
28400
28400
28400
28400
28400
28500
28500
28500
28500
28500
28500
28500
28500
28500
28500
29100
29900
29900
30500
30600
31100
32200
32200
32200
32200
32200
32200
32200
32200
32200
32200
32200
32200
32200
32200
32300
32300
32300
32300
32300
32300
32300
32300
33000
33600
33600
34700
35400
36000
37000
37100
37100
37100
37100
37100
37100
37100
37100
37200
37200
37200
37200
37300
37400
37600
37600
37600
37600
37600
37600
37600
37600
37600
37600
37600
37700
37700
37700
37700
37700
37700
37700
37700
37700
37700
37700
37700
37700
37700
37700
37700
37700
37700
37700
37700
37700
37700
37700
37700
37700
37700
37700
37700
37700
37700
37700
37700
37700
37700
37700
37700
37700
37700
37800
37800
37800
37800
38300
38300
38300
38300
38300
38300
38300
38300
38300
38300
38300
38400
38400
38400
38400
38400
38400
38400
38400
38400
38400
38500
38500
38600
38800
38800
39400
39500
39500
39600
39800
40800
40900
41100
41100
41100
41100
41100
41100
41100
41100
41100
41100
41100
41300
42100
42100
42100
42100
42100
42100
42100
42100
42100
42200
43700
43700
43800
43800
43800
43800
43800
43800
43800
43800
43800
43800
43800
43800
43800
43800
43800
43800
43800
43800
43800
43800
43800
43800
43800
43800
43800
43800
43800
43800
43800
43800
43800
43800
43800
43800
43900
43900
43900
43900
43900
44000
44300
44300
44300
44300
44300
44300
44300
44300
44300
44300
44300
44500
45600
45800
45800
45800
45800
45900
45900
45900
45900
45900
45900
45900
45900
45900
45900
45900
45900
46300
46300
46300
46300
46300
46300
46300
46300
46300
46300
46300
46300
46300
46300
46300
46400
46400
46400
46400
46400
46400
46400
46400
46400
46400
46400
46400
46400
46400
46400
46400
46400
46400
46400
46400
46400
46400
46400
46400
46400
46400
46400
46400
46400
46400
46400
46400
46400
46400
46500
46500
46500
46600
47100
47500
47500
47500
47600
47600
47600
47600
47700
47700
47800
48300
48400
48400
48400
48600
48600
48600
48800
50000
50000
50700
51500
51500
51600
51600
51600
51600
51600
51600
51800
51800
51800
52000
52200
52500
52500
52500
52500
52500
52600
52600
52600
52600
52600
52600
52600
52600
52600
52600
52700
52700
52700
52800
52900
53200
53300
53400
53500
54100
54100
54100
54100
54200
54200
54200
54200
54200
54200
54200
54200
54200
54200
54200
54200
54200
54300
54500
54500
54500
54500
54900
54900
54900
55100
55800
55900
55900
56000
56700
56700
56700
56700
56700
56700
56700
56700
56700
56700
56700
56700
56700
56800
56900
56900
56900
56900
56900
57000
57100
57100
57100
57100
57100
57100
57100
57100
57100
57200
57200
57200
57200
57200
57200
57200
57200
57200
57200
57200
57200
57200
57200
57200
57300
57500
57500
57500
57600
57600
57600
57600
57600
57600
57600
57600
57600
57600
57600
57600
57600
57600
57600
57600
57600
57600
57600
57600
57600
57600
57600
57600
57600
57700
57700
57700
57700
57700
57700
57700
57700
57700
57700
57700
57700
57700
57700
57700
57700
57700
57700
57700
57700
57700
57700
57700
57700
57700
57700
57700
57700
57700
57700
57700
57700
57800
57800
57800
57800
57800
57800
57900
58200
59100
59300
60300
60300
60900
60900
61100
61200
61200
61200
61200
61200
61200
61200
61300
61500
61500
61500
61500
61600
61800
61900
61900
61900
61900
61900
61900
61900
61900
61900
61900
61900
61900
61900
61900
61900
61900
61900
61900
61900
61900
61900
61900
61900
61900
61900
61900
61900
61900
61900
61900
61900
61900
61900
61900
61900
61900
61900
61900
61900
61900
61900
61900
61900
61900
61900
61900
61900
61900
61900
61900
61900
61900
61900
61900
61900
61900
61900
61900
61900
61900
62000
62000
62000
62000
62000
62000
62000
62000
62000
62000
62000
62000
62000
62000
62000
62000
62000
62000
62100
62100
62100
62100
62100
62200
62200
62200
62200
62500
63000
63400
64100
64100
64100
64100
64100
64100
64100
64100
64100
64100
64200
64200
64200
64200
64200
64200
64200
64200
64200
64200
64200
64200
64200
64200
64200
64200
64200
64200
64200
64200
64200
64200
64200
64200
64200
64200
64300
64300
64300
64300
64400
65400
65400
65400
65400
65600
65800
65900
66000
66000
66000
66000
66000
66000
66100
66100
66100
66100
66100
66600
66800
66800
66900
66900
66900
67000
67100
67100
67100
67200
67200
67200
67200
67200
67200
67200
67200
67300
67300
67300
67300
67700
67800
67800
67800
67800
67900
67900
67900
68000
68500
68600
68600
68600
68600
68800
68900
69600
70200
70200
71500
71500
71500
71500
71500
72500
72500
72600
74000
74100
75000
75600
75600
75600
75600
75600
75600
75700
76100
76500
76500
76500
76500
76500
76500
76500
76500
76500
78600
79400
79400
79400
80100
80700
80700
80700
80700
80700
80700
80700
80700
81100
81100
81100
81100
81200
81300
81300
81300
83000
83100
83100
83100
83500
84100
84100
84100
84100
84100
84100
84100
84100
84100
84100
84200
84200
84200
84200
84300
84300
84300
84300
84800
84900
84900
85000
85000
85000
85000
85000
85000
85000
85000
85000
85000
85000
85000
85000
85000
85000
85000
85000
85000
85000
85100
85100
85100
85100
85100
85100
85100
85100
85100
85100
85100
85100
85100
85100
85100
85100
85100
85100
85100
85100
85100
85100
85100
85100
85100
85100
85200
85200
85200
85200
85200
85200
85200
85200
85200
85200
85200
85200
85200
85200
85200
85200
85200
85200
85200
85200
85200
85200
85200
85200
85200
85200
85200
85200
85200
85200
85200
85200
85200
85200
85200
85200
85200
85200
85200
85300
85300
85300
85300
85300
85400
85600
85600
85700
85800
86000
86300
86600
87000
87000
87600
87600
87700
87700
87800
87800
88200
88200
88200
88300
88600
89100
89100
89100
89100
89100
89100
89100
89100
89100
89200
89200
89200
89200
89200
89200
90100
90700
91800
91800
91800
91800
91800
92000
92000
92300
92300
92300
92400
92500
92600
92700
94100
94100
94100
94500
94600
94600
96200
96800
96900
96900
96900
96900
96900
96900
96900
96900
96900
96900
96900
96900
96900
96900
96900
96900
96900
96900
96900
96900
96900
96900
96900
96900
96900
96900
96900
96900
96900
96900
96900
96900
96900
96900
96900
96900
96900
96900
96900
96900
96900
96900
96900
96900
96900
97000
97000
97000
97000
97000
97000
97000
97000
97000
97000
97000
97000
97000
97000
97000
97000
97000
97000
97000
97000
97000
97000
97000
97100
97100
97100
97100
97100
97100
97100
97100
97100
97100
97100
97100
97100
97100
97100
97100
97100
97100
97100
97100
97100
97100
97100
97100
97200
97200
97200
97200
97200
97200
97200
97200
97200
97200
97200
97200
97200
97200
97200
97200
97200
97200
97300
97300
97300
98500
98600
98600
98600
98600
98600
98600
98600
98600
98600
98600
98600
98600
98600
98600
98600
98600
98600
98600
98600
98600
98600
98600
98600
98600
98600
98600
98600
98600
98600
98600
98600
98600
98600
98600
98600
98600
98600
98600
98600
98600
98600
98600
98600
98600
98600
98600
98600
98700
98700
98700
98700
98700
98900
99400
99500
99500
99500
99500
99900
100600
100800
100800
100800
100900
101000
101100
101100
101200
101200
101200
101300
101300
101300
101300
101400
101500
101500
101500
101500
101500
101500
101500
101600
101600
101600
101600
102100
103100
103100
103100
103100
103100
103100
103100
103100
103200
103200
103200
103200
103200
103200
103200
103200
103200
103200
103200
103200
103200
103200
103200
103200
103200
103200
103200
103200
103200
103200
103200
103200
103200
103200
103200
103200
103200
103200
103200
103200
103200
103200
103200
103300
103300
103300
103300
103300
103300
103400
103400
103400
103400
103400
103400
103500
103700
103700
103800
103800
103800
103800
103900
103900
103900
103900
103900
103900
103900
103900
103900
103900
103900
103900
103900
103900
103900
103900
103900
103900
103900
103900
104000
104000
104000
104000
104000
104000
104000
104000
104000
104000
104000
104000
104000
104000
104000
104000
104000
104000
104000
104000
104000
104000
104000
104000
104000
104000
104000
104000
104000
104000
104100
104100
104100
104100
104100
104100
104100
104100
104100
104200
104600
104600
104600
104600
104600
104600
104600
104600
104700
104700
104700
105000
105300
105300
105300
105300
105300
105300
105300
105300
105300
105300
105300
105300
105300
105300
105300
105400
105400
105400
105400
105400
105400
105400
105400
105400
105400
105400
105400
105400
105400
105400
105400
105400
105400
105400
105400
105400
105400
105400
105400
105400
105400
105400
105400
105400
105400
105400
105400
105500
105500
105500
105500
106500
106500
106500
106700
106700
106700
106700
106700
106700
106700
106700
106700
106700
106700
106700
106700
106700
106800
106800
107400
107500
107500
107500
107500
107500
107600
107600
107600
107600
107600
107600
107600
107600
107600
107600
107600
107700
107900
108100
108200
108200
108200
108200
108200
108200
108200
108200
108200
108200
108200
108200
108200
108200
108200
108200
108200
108300
108400
108600
108700
108900
108900
108900
108900
108900
108900
108900
108900
108900
108900
108900
108900
108900
108900
108900
108900
108900
108900
108900
108900
108900
108900
108900
108900
108900
108900
108900
108900
108900
108900
108900
108900
108900
108900
108900
109000
109000
109000
109000
109000
109000
109000
109000
109000
109000
109000
109000
109000
109000
109000
109000
109100
109100
109400
109500
109500
109500
109500
109500
109500
109500
109500
109500
109500
109500
109500
109500
109500
109600
109600
109600
109600
109600
109600
109600
109600
109700
109700
109700
109700
109700
109800
109800
109800
109800
109900
111000
111000
111000
111000
111000
111000
111000
111000
111000
111000
111000
111000
111000
111000
111000
111000
111000
111000
111000
111000
112500
112500
112500
112500
112500
112500
112500
112500
112500
112500
112500
112500
112500
112500
112600
112600
112600
112600
112700
112700
112700
112700
112700
112700
112700
112700
112700
112700
112700
112800
113200
113500
114100
115100
115100
115100
115100
115100
115100
115100
115100
115100
115100
115100
115400
116800
116800
116800
116800
117200
117700
118100
119400
119400
119500
119700
120900
120900
121000
121000
121000
121200
121400
121400
122500
122500
122500
122800
123200
123500
123500
123600
123700
123700
124000
124000
124000
124300
124500
124500
124500
124500
124500
124500
124500
124500
124500
124500
124500
124500
124500
124500
124500
124500
124500
124500
124600
124600
124600
124600
124600
124600
124600
124600
124600
124600
124600
124600
124600
124600
124600
124600
124600
124600
124600
124600
124600
124600
124600
124600
124600
124600
124600
124700
125000
125000
125000
125100
125100
125400
125500
125800
125800
126000
126500
126600
126800
126900
127000
127000
127000
127100
127100
128200
128500
128500
128600
128600
128600
128600
128600
128800
128800
128800
128800
128800
128800
128800
128900
129100
129300
129300
129300
129300
129300
129700
130300
130300
130400
130400
130600
131400
131400
131400
131400
131400
131400
131400
131400
131400
131400
131400
131400
131400
131400
131400
131400
131400
131400
131400
131400
131400
131400
131400
131400
131400
131400
131400
131400
131400
131400
131400
131400
131400
131400
131400
131400
131400
131800
131900
132100
133400
133400
133500
133500
133500
133500
133500
133500
133500
133500
133500
133500
133500
133700
133700
133800
133800
133800
133800
133800
133800
133800
133800
133800
133800
134200
134200
134200
134200
134200
135100
135300
135300
135300
135400
135400
135500
135500
135600
135600
135600
136200
136200
136200
136200
136200
136200
136200
136200
136200
136200
136200
136200
136200
136200
136200
136200
136300
136300
136300
136300
136300
136300
136900
136900
137000
137000
138200
138200
138200
138200
138200
138200
138200
138200
138200
138200
138200
138200
138200
138200
138200
138300
138300
138300
138300
138300
138300
138700
139300
141000
142400
142500
142500
143100
143100
143600
143600
143600
143600
143600
143700
143700
143700
143700
143700
143700
143700
143700
143700
143700
143700
143700
143700
143700
143700
143700
143700
143700
143700
143700
143700
143700
143700
143700
143700
143700
143700
143700
143700
143700
143700
143700
143700
143800
143800
143800
143800
143800
143800
143800
143800
143900
144500
145700
145700
145700
145800
145800
145800
145800
145800
145800
145800
145800
145800
145800
145800
145800
145800
145800
145800
145800
145800
145800
145800
145800
145800
145800
145800
145800
145800
145800
145800
145800
145800
145800
145800
145800
145800
145800
145800
145800
145800
145800
145800
145800
145800
145800
145800
145800
145800
145900
145900
145900
145900
146300
147200
147200
147200
147200
147200
147200
147200
147200
147200
147200
147200
147200
147300
147300
147300
147300
147300
147300
147300
147300
147300
147300
147300
147300
147300
147300
147300
147300
147300
147300
147300
147300
147300
147300
147300
147300
147300
147300
147300
147300
147300
147300
147300
147300
147300
147300
147300
147300
147300
147300
147300
147300
147300
147300
147300
147300
147300
147300
147300
147300
147300
147300
147300
147300
147300
147300
147300
147300
147300
147300
147300
147300
147300
147400
147400
147400
147400
147400
147400
147400
147400
147400
147400
147400
147400
147400
147400
147400
147400
147400
147400
147400
147400
147400
147400
147400
147400
147400
147400
147400
147400
147400
147400
147400
147400
147400
147400
147400
147400
147400
147400
147400
147400
147400
147500
147500
147700
147700
147700
147700
147700
147700
147700
147700
147700
147700
147700
147700
147700
147700
147700
147800
147800
148000
148000
148400
148400
148700
148700
148700
148700
149300
149300
149400
149400
149400
149400
149400
149400
149400
149400
149400
149400
149400
149400
149400
149400
149400
149400
149400
149400
149400
149400
149400
149400
149400
149400
149400
149400
149400
149400
149400
149400
149400
149400
149400
149400
149400
149400
149400
149500
149500
149500
149500
149500
149500
149500
149500
149500
149500
149500
149500
149500
150600
150600
150900
150900
150900
150900
151000
152300
153800
153800
155400
155400
155400
155400
155400
155400
155400
155400
155400
156500
156500
156600
156600
156600
156700
156800
156800
156900
156900
156900
156900
156900
156900
156900
156900
156900
156900
156900
156900
156900
156900
157000
157000
157200
158300
158300
158300
158300
158300
158400
158400
158400
158400
158400
158400
158400
158400
158400
158400
158400
158400
158400
158400
158400
158400
158400
158400
158400
158400
158400
158400
158500
158500
158500
158500
158500
158500
158500
158500
158600
158600
158600
158700
158800
158800
159100
159100
159900
160200
161000
161000
161000
161000
161000
161000
161000
161000
161000
161000
161000
161000
161000
161000
161000
161000
161000
161000
161000
161100
161100
161100
161100
161100
161100
161100
162600
163600
163600
163600
163600
164500
164500
164500
164500
164500
164500
164500
164500
164500
164500
164500
164500
164500
164600
164600
164600
164600
164600
164600
164600
164600
164600
164600
164600
164600
164600
164600
164600
164600
165200
165300
165300
165300
165300
165300
165300
165300
165300
165300
165300
165300
165300
165300
165300
165300
165300
165300
165300
165300
165300
165300
165300
165300
165300
165300
165300
165300
165300
165300
165300
165400
165400
165400
165400
165400
165400
165400
165400
165400
165400
165400
165400
165400
165400
165400
165400
165400
165500
165500
165900
165900
166000
166000
166000
166100
166200
166300
167100
167100
167100
167200
167200
167200
167600
170500
170500
170500
170500
170500
170600
170600
170600
170600
171000
171000
171200
171300
171300
171400
171400
171400
171400
171400
171400
171400
172100
172500
172900
174000
174000
174200
176100
176200
