400
700
700
700
700
800
800
800
900
1200
1700
3500
3900
4700
4800
4800
4900
5000
5400
6400
9200
10900
13300
13400
13700
15000
15200
15300
17200
21000
27900
27900
30100
42400
42600
42600
42600
47800
47900
51700
55900
56000
56000
56000
56100
57600
58600
59900
59900
60200
60300
60400
60400
60400
60400
60400
60400
60400
60400
60500
60500
60500
60500
60500
60500
60500
60500
60500
60500
60500
60500
60600
60600
60600
60600
77700
78000
79400
79500
79500
79500
79700
79800
81200
96200
96400
97800
106700
122200
122500
122600
124100
124600
130900
130900
131000
131100
131100
131100
131100
131100
131100
131300
131400
131400
131600
131700
136400
139700
139800
139800
139800
139800
139800
139800
139900
140000
140100
142400
147600
147600
147600
147600
147600
147600
147600
147600
147600
147600
147700
147700
147900
147900
148000
148000
148000
148100
148100
148200
148200
148700
149400
149400
149400
149500
150600
150800
151500
151500
151500
152800
152800
152900
153600
154000
154000
154000
154000
154000
154000
154000
154000
154100
154100
154100
154100
154100
154100
154100
154100
155900
156000
156200
156500
156500
156500
156500
156500
156500
156500
156500
156500
156600
156600
156600
156600
156600
156800
157500
157700
157800
159900
160000
160000
160000
160000
160000
161900
165000
165100
165100
165200
165200
165200
165300
165300
165300
169800
169900
170200
170700
170700
170700
171200
171200
171200
171200
171300
171300
171300
171300
171300
171300
171400
171400
171400
171400
171400
171400
171400
171400
171500
172800
173200
173200
173200
173300
173300
173300
173400
173400
173400
173400
173400
173400
173400
173500
173500
173700
173700
173700
173700
173700
173700
173700
173800
173800
173800
175300
175900
176700
176800
177000
177000
177000
177000
177000
177000
177000
177100
177400
177500
177800
178600
178600
178600
178600
178600
178600
178700
179100
179100
179100
179100
179200
179200
179200
179300
179300
179500
179700
179700
179800
179800
179900
179900
179900
179900
179900
179900
179900
179900
179900
179900
180000
180000
180000
180000
183500
