500
1400
1500
1500
1500
1600
1700
1800
1800
1900
1900
2000
2000
2100
2400
2500
2500
2800
3200
4100
4400
4500
5000
5000
5100
5800
6300
6300
6400
6400
6700
6700
6700
6800
6800
7200
9100
9400
9500
10400
10400
10400
11100
12000
12000
12100
12100
12500
13900
16000
16000
16100
16100
16700
16800
16800
16900
16900
16900
16900
16900
18700
18800
18900
19000
20400
20400
20400
20900
21100
21300
22000
22700
22700
23300
23300
23500
25100
25200
25300
25400
25800
26100
26100
26400
26800
27100
27100
27200
27300
27300
27700
28100
29000
29000
29200
29200
29200
29400
29400
29700
29800
29800
29900
29900
29900
29900
29900
29900
30600
30700
30700
30800
30900
31400
31800
32600
33500
33600
33700
33700
34300
34900
35300
35400
35500
36500
36600
36700
38000
38000
38000
38100
38900
39000
39900
39900
42000
42800
42900
43100
43100
43700
45200
45300
45400
45600
46700
46800
47100
47100
47100
47100
47100
47100
47200
47200
47200
47200
47200
47200
47200
47200
47200
47200
47200
47200
47300
47300
47300
47300
47300
47400
47400
47400
47700
48300
48300
48400
48400
48400
48400
48500
48500
48500
48800
48900
49000
49200
49400
50600
50900
51100
51200
52300
53300
54800
54900
55000
55000
55000
56000
57300
57400
57700
57700
57800
57800
58100
59600
59700
59700
59700
60500
65400
66100
68100
68400
68800
69200
69200
69200
69200
69200
69200
69300
69300
69300
69300
69300
69300
71200
71300
71300
71300
71700
71700
71800
71800
72400
72400
72400
72400
73900
73900
73900
73900
74000
74000
74000
74200
74600
77000
77000
77100
77100
77500
77600
78100
81600
82200
82300
83700
83900
84000
84700
85200
87800
88100
88200
88200
88300
88300
88300
88500
88900
88900
89000
89500
89700
89700
89800
89800
89800
90400
90800
91300
91500
91500
92000
93600
93600
93900
95500
95600
95600
95900
96400
96500
98600
99100
99200
99200
99300
99700
99800
99800
99800
100600
100900
101000
101000
101000
101300
102200
102400
103500
104200
104200
105800
108000
110600
110700
110800
110900
110900
110900
111700
111700
111700
112000
112000
112100
112900
112900
112900
113900
113900
114300
114600
114700
114700
114800
114800
117900
118000
118800
119300
119300
119300
119300
120200
120300
120500
123900
124000
124000
124200
125300
126300
126800
127000
127100
127300
127400
128600
129100
129300
132500
133600
135800
135900
136700
136700
136700
136800
137300
138300
139800
140400
140900
141900
142000
142800
142900
143300
143300
146600
146700
147300
148800
148800
149300
149400
151100
151200
151200
151300
151600
151700
152100
152100
152100
152200
152200
152200
152200
152200
152200
152200
152200
152200
152200
152200
152200
152900
153400
153500
155500
156100
156100
156200
157000
158800
158800
159400
160900
160900
161800
162000
163200
163200
163400
164300
164300
164400
164500
166500
168200
168300
168300
169000
169000
170800
170900
171500
173100
173200
173800
174000
174000
174100
174200
174600
175100
175200
175200
176000
