8800
9200
10500
11700
11700
11700
11800
11800
11800
14800
14900
14900
14900
14900
14900
14900
14900
14900
14900
14900
15000
15000
15600
15700
18200
19100
20500
20600
20600
20600
22400
28300
28300
29200
34900
37200
43700
44700
49000
49000
49000
49100
54000
54000
54300
61800
61800
68500
68600
72800
74400
74400
74600
80300
81700
85900
85900
85900
88600
89300
89300
89800
96800
99600
108000
109100
109200
109700
115900
120600
126000
137300
152300
153500
153800
158000
161900
163500
173100
173100
173100
173100
173400
176200
