200
400
700
700
1300
1300
1500
2200
2200
2200
2200
2200
2900
3100
3100
3100
3200
3200
3200
3200
3300
3500
3500
3900
3900
3900
3900
3900
3900
3900
3900
3900
4000
4000
4000
4000
4300
4500
4500
4500
4500
4500
4500
4500
4500
4500
4600
4600
4600
4600
4600
4600
4700
4800
4900
5000
5000
5000
5100
5100
5200
5200
5200
5200
5200
5200
5200
5200
5200
5300
5300
5400
5400
5500
5500
5500
5600
5700
5700
5700
5700
5700
5700
5700
5800
5800
6000
6000
6000
6100
6200
6500
6800
6800
6800
6800
6800
6800
6800
6900
6900
7000
7000
7000
7000
7000
7100
7100
7100
7100
7100
7100
7100
7100
7100
7100
7100
7100
7300
7400
7400
7500
7800
8100
8400
8400
8500
8500
8700
8900
9000
9100
9200
9800
10000
10000
10600
10700
10700
10700
10800
11000
11900
12100
12300
12400
12600
12700
12700
12800
13200
13200
13200
13200
13200
13200
13300
13300
13300
13300
13300
13300
13300
13300
13300
13300
13300
13300
13300
13300
13300
13300
13300
13300
13300
13300
13300
13400
13400
13400
13400
13400
13400
13400
14100
14100
14100
14100
14100
14100
14100
14100
14100
14200
14200
14200
14200
14500
14600
15900
15900
15900
16000
16000
16100
16200
16200
16200
16200
16200
16200
16300
16300
16300
16300
16400
16400
16400
16400
16400
16400
16400
16400
16400
16400
16400
16400
16400
16400
16400
16400
16400
16400
16400
16400
16400
16400
16500
16500
16800
17400
17500
17700
17700
17700
17900
18000
18200
18200
18200
18300
18300
18400
18600
18600
18700
19300
19600
19900
20200
20200
20200
20300
21000
21000
21000
21200
21200
21200
21200
21300
21400
21600
21700
21700
21700
21700
21700
21700
21700
21800
21800
22000
22000
22100
22700
22900
22900
22900
22900
22900
22900
22900
23000
23000
23200
23200
23200
23200
23700
24600
25200
25200
25200
25300
26500
26500
26500
26500
26900
27200
27200
27200
27300
27300
27300
27300
27400
27400
27400
27500
27500
28500
28800
29000
29100
30500
30900
30900
31100
31200
31700
32700
34300
34800
34800
34900
34900
34900
34900
35500
35500
35500
35500
35500
35500
35500
35500
35500
35500
35500
35500
35600
36800
36800
36800
37000
37700
37700
37700
37700
37700
37700
37700
37700
37700
37700
37700
37700
37700
37700
37700
37700
37700
37800
37800
37800
37800
37800
37800
37900
37900
37900
37900
38000
38000
38000
38000
38000
38000
38000
38000
38000
38000
38000
38000
38000
38400
38500
38600
38600
38600
39800
39800
39800
39900
39900
39900
40000
40000
40000
40000
40600
40600
40600
40600
40700
40700
40700
40700
40700
40700
40700
40900
40900
40900
40900
40900
40900
40900
40900
40900
40900
40900
40900
40900
40900
40900
40900
40900
40900
40900
40900
41300
41500
42100
42600
42600
42700
42700
42800
43100
43100
43200
43300
43700
43800
43800
43800
43900
44500
44500
44500
44500
44500
44500
44500
44500
44500
44600
44700
46200
46200
46200
46200
46300
46600
46600
46700
46700
46700
46900
47100
47200
47200
47200
48300
48300
48300
48300
48400
48400
48400
48400
48400
48400
48400
48400
48400
48400
48500
48500
48500
48500
48500
48500
48700
49200
49200
49200
49200
49200
49200
49200
49200
49300
49300
49300
49300
49300
49300
49300
49300
49300
49300
49300
49300
49300
49300
49300
49300
49300
49300
49300
49300
49300
49300
49300
49300
49300
49300
49300
49300
49300
49300
49300
49300
49300
49300
49300
49300
49300
49300
49300
49300
49300
49300
49300
49300
49300
49300
49300
49300
49300
49300
49300
49300
49300
49300
49300
49300
49400
49400
49400
49400
49400
49400
49400
49400
49400
49400
49400
49400
49400
49400
49400
49400
49400
49500
49500
49500
49600
49600
49600
49600
49600
49600
49700
49700
49700
49700
49700
49700
49700
49700
49700
49800
49800
49800
49900
50000
50000
50000
50000
50000
50100
50100
50100
50500
50600
50700
50700
50700
50800
50800
50800
50800
50800
50900
50900
50900
50900
50900
50900
51000
51000
51000
51100
51100
51100
51200
51200
51200
51200
51300
51500
51500
51500
51500
51500
51500
51500
51600
51600
51600
51600
51700
51700
51900
52000
52100
52100
52100
52100
52300
52400
52400
52400
52400
52500
52500
53600
53600
53700
53700
53800
53900
54300
54900
55000
55100
55100
55100
55100
55100
55100
55100
55100
55100
55200
55300
55400
56800
56800
56800
57300
57300
57400
57800
57800
57800
57800
57900
58000
58000
58000
58100
58100
58200
58200
58200
58200
58200
58200
58500
58800
59800
59900
59900
60300
60500
60500
60500
61800
61800
61800
61900
62000
62000
62000
62200
62200
62200
62200
62200
62200
62200
62200
62200
62200
62200
62200
62200
62300
62300
62400
62400
62400
62400
62400
62400
62400
62400
62400
62400
62400
62400
62400
62400
62400
62400
62400
62400
62400
62400
62500
62500
62500
62600
62600
62700
62700
62700
62700
62800
62800
62800
62800
62900
64000
64100
64100
64300
64400
64500
64500
64600
64700
64800
64900
65000
65200
65200
65200
65300
65300
65300
65700
66000
66100
66400
66400
66400
66400
66400
66500
66500
66600
66900
66900
68600
69200
69700
69700
69700
69800
69800
69800
69900
69900
69900
70800
70800
70800
70900
70900
70900
70900
71000
71000
71000
71000
71100
71100
71600
71900
72000
72200
73100
73200
73200
73200
73200
73200
73200
73200
73300
73400
73500
73900
74100
74100
74100
74100
74100
74100
74100
74300
74300
74300
74400
74400
74400
74400
74400
74400
74400
74400
74400
74400
74400
74400
74400
74400
74400
74400
74500
74500
74500
74500
74500
74500
74500
74500
74500
74500
74500
74500
74500
74500
74500
74500
74600
74600
74600
74600
74600
74600
74600
74600
74600
74600
74600
74600
74600
74600
74600
74600
74600
74600
74600
74700
74700
74700
74800
74900
75000
75100
75200
76000
76800
77300
77900
77900
77900
78100
78100
78100
78100
78100
78100
78100
78100
78200
78200
78200
78200
78200
78200
78200
78200
78200
78200
78200
78200
78200
78200
78300
78300
79800
79800
79800
79900
79900
79900
79900
80200
80800
80800
80800
80800
80800
80800
80900
80900
80900
80900
80900
80900
80900
80900
80900
80900
80900
80900
81000
81000
81000
81200
81300
82600
82700
82700
82700
82800
82800
83100
83900
84000
84000
84000
84000
84000
84000
84000
84000
84000
84000
84000
84000
84000
84000
84000
84100
84200
84700
85000
85200
85200
85200
85200
85200
85200
85200
85200
85200
85200
85200
85200
85200
85200
85200
85200
85200
85200
85200
85200
85300
85300
85300
85300
85300
85300
85300
85300
85300
85300
85300
85300
85300
85300
85300
85500
85600
85700
87000
88100
89300
89300
89400
89400
89400
89400
89500
89500
90100
90100
90100
90100
90100
90100
90100
90100
90100
90100
90100
90100
90100
90100
90100
90100
90100
90100
90100
90100
90100
90100
90100
90200
90200
90200
90200
90200
90200
90300
90300
91700
92000
92000
92100
92100
92100
92100
92100
92100
92100
92100
92100
92100
92100
92100
92100
92100
92100
92100
92100
92100
92100
92100
92100
92200
92200
92200
92200
92200
92200
92200
92200
92200
92200
92200
92300
92300
92300
92400
93200
93300
93300
93300
93300
93300
93300
93300
93300
93300
93300
93300
93300
93300
93300
93300
93300
93300
93300
93300
94000
94600
94600
94600
94600
94600
94600
94600
94700
94700
94800
94900
94900
95000
95100
95100
95300
95300
95500
95500
95800
95800
95800
95800
95800
95800
95800
95800
95800
95800
95800
95800
95800
95800
95800
95800
95800
95800
95800
95800
95800
95800
95800
95800
95800
95900
95900
95900
95900
95900
95900
95900
95900
95900
95900
95900
95900
95900
95900
95900
95900
95900
95900
95900
95900
95900
95900
95900
95900
95900
95900
95900
95900
95900
95900
95900
95900
95900
95900
95900
95900
95900
95900
95900
95900
96000
96000
96000
96000
96000
96000
96000
96000
96000
96100
96100
96100
96100
96100
96200
96200
96200
96200
96200
96200
96300
96300
96300
96300
96300
96300
96300
96400
96400
96400
96400
96400
96400
96500
96500
96500
96600
96600
96600
96600
96600
96600
96600
96600
96600
96700
96700
96700
96700
96700
96700
96700
96700
96700
96800
96800
96800
96800
96800
96800
96800
96800
96800
96800
96900
97200
97200
97200
97200
97200
97300
97300
97300
97300
97300
97400
97400
97400
97500
97500
97500
97500
97500
97500
97500
97500
97600
97600
97600
97600
97600
97600
97600
97600
97600
97600
97600
97600
97700
97700
97700
97900
98100
98900
99200
99500
99500
99500
99500
99500
99500
99600
99900
99900
99900
99900
99900
99900
99900
99900
99900
99900
99900
99900
99900
99900
99900
99900
100000
100000
100000
100000
100000
100000
100100
101200
101300
101300
101300
101500
101500
101500
101500
101500
101500
101500
101500
101500
101600
101600
102300
102300
102300
102300
102400
102400
102400
102400
102400
102400
103000
103100
103400
103500
103600
103800
105100
105100
105100
105100
105100
105100
105200
105200
105200
105200
105200
105200
105200
105200
105300
105600
105900
106000
106100
106700
106700
106700
106700
106700
106700
106700
106700
107000
107300
107300
107300
107500
108400
108500
108500
108600
108700
108700
108700
108800
108900
109400
109700
109700
110000
110100
110200
110200
110300
110300
110600
110600
110800
110900
110900
110900
111000
111300
111400
111500
112000
113900
114200
114600
114700
114700
114800
114800
115000
115000
115100
115500
115500
115500
115500
116100
116200
116200
116700
116700
116800
117300
117700
117700
117700
118000
118200
118200
118200
118300
118900
118900
118900
118900
118900
118900
119000
119000
119000
119000
119000
119200
119200
119400
119400
119400
119500
119600
119700
119700
119700
119700
119700
119700
119700
119700
119700
119700
119700
119700
119700
119700
119700
119700
119700
119700
119700
119700
119700
119800
119800
119800
119800
119900
120100
120100
120100
120300
120400
120500
120500
120500
120500
120500
120500
120500
120500
120500
120500
120500
120500
120500
120600
120600
120600
120600
120600
120600
120600
120600
120600
120600
120600
120600
120600
120600
120600
120600
120600
120600
120700
120700
120700
120700
120700
120700
120700
120800
120800
120800
120800
120800
120900
120900
120900
121000
121000
121000
121000
121000
121000
121000
121100
121200
121200
121600
121600
121600
121600
121600
121600
121600
121600
121600
121600
121600
121600
121600
121600
121600
121600
121700
121700
121700
121700
122000
122000
122100
122100
122100
122100
122100
122100
122100
122100
122100
122100
122100
122100
122100
122100
122100
122100
122100
122100
122100
122100
122100
122100
122100
122100
122100
122100
122100
122100
122100
122100
122200
122200
122200
122200
122200
122200
122200
122200
122200
122300
122300
122300
122400
122400
122400
122400
122600
122700
122800
123000
123100
123200
123200
123200
123200
123200
123300
123300
123300
123300
123300
123400
123400
123400
123500
123500
123500
123500
123500
123500
123500
123500
123600
123600
123700
123800
123800
123900
123900
123900
123900
123900
123900
123900
123900
123900
123900
123900
123900
123900
123900
123900
123900
123900
123900
123900
123900
123900
123900
123900
123900
123900
123900
123900
123900
123900
123900
123900
123900
123900
124000
124000
124000
124000
124000
124000
124000
124000
124000
124000
124000
124000
124000
124000
124000
124000
124000
124000
124000
124100
124100
124100
124100
124200
124200
124200
124200
124200
124200
124200
124200
124200
124200
124200
124200
124200
124200
124200
124200
124200
124200
124200
124200
124200
124200
124200
124200
124200
124200
124200
124200
124200
124200
124200
124200
124200
124200
124200
124200
124200
124200
124200
124200
124200
124200
124200
124200
124200
124200
124200
124200
124200
124200
124200
124200
124200
124300
124300
124300
124300
124300
124300
124300
124300
124300
124300
124300
124300
124300
124300
124300
124300
124300
124300
124300
124300
124300
124300
124300
124300
124400
124400
124400
124400
124400
124400
124400
124400
124400
124400
124400
124400
124400
124400
124400
124400
124400
124400
124400
124400
124400
124400
124400
124400
124400
124400
124400
124400
124400
124400
124400
124400
124400
124400
124400
124400
124400
124500
124500
124500
124500
124500
124500
124500
124500
124500
124500
124500
124500
124500
124500
124500
124500
124500
124500
124500
124500
124500
124500
124500
124500
124500
124500
124500
124500
124500
124500
124500
124500
124500
124500
124500
124500
124500
124500
124500
124600
124600
124600
124600
124600
124600
124600
124600
124600
124600
124600
124600
124600
124600
124600
124600
124600
124600
124700
124700
124700
124700
124700
124700
124700
124700
124700
124700
124700
124700
124800
124800
124800
124800
125300
125700
126100
126100
126400
127100
127100
127100
127300
127400
127500
127600
127600
127600
128100
128200
128200
128200
128200
128200
128200
128200
128200
128400
128500
128500
128500
128500
128500
128500
128500
128600
128600
128600
128600
128600
128600
128600
128600
128600
128600
128600
128600
128600
128600
128600
128600
128600
128600
128600
128600
128600
128600
128600
128600
128600
128600
128600
128600
128600
128600
128700
128700
128700
128700
128700
128700
128700
128700
128700
128700
128700
128700
128700
128700
128700
128700
128700
128700
128800
128800
128800
128800
128800
128800
128800
128800
129000
129000
129100
129200
129200
129200
129400
129400
129400
129500
129500
129500
129500
129600
129600
129900
129900
129900
130000
130000
130100
130100
130200
130200
130200
130200
130200
130200
130300
130300
130400
130400
130400
130400
130600
130700
130700
130700
130700
130700
130800
130800
130800
130800
130800
131200
132200
133100
133600
133600
133600
133600
133600
133600
133700
133700
133700
133700
133700
133700
133700
133700
133700
133700
133700
133700
133700
133700
133700
133700
133700
133700
133700
133700
133700
133700
133700
133700
133700
133700
133700
133700
133700
133700
133700
133700
133700
133700
133700
133700
133700
133800
133800
133800
133800
133900
133900
133900
133900
134000
134000
134000
134100
134100
134100
134200
134200
134200
134200
134200
134300
134300
134300
134300
134300
134300
134300
134300
134300
134300
134300
134300
134300
134300
134300
134300
134300
134400
134400
134400
134400
134400
134500
134600
134600
134700
134800
135000
135100
135100
135100
135100
135200
135200
135300
135400
135400
135500
135500
135500
135500
135500
135500
135500
135500
135500
135500
135500
135500
135500
135600
135600
135600
135600
135600
135600
135600
135600
135600
135600
135700
135700
135700
135700
135700
135700
135700
135700
135700
135700
135700
135700
135800
135800
135800
135800
135800
135800
135800
135800
135800
135800
135900
135900
135900
135900
136000
136000
136000
136000
136000
136000
136000
136000
136000
136000
136000
136100
136100
136100
136100
136100
136100
136100
136100
136100
136100
136100
136100
136100
136100
136100
136100
136100
136100
136100
136100
136100
136100
136100
136100
136100
136100
136100
136100
136100
136100
136100
136100
136100
136200
136200
136200
136300
136400
136400
136400
136400
136400
136400
136400
136400
136400
136400
136500
136500
136500
136500
136500
136500
136600
136900
137000
137100
137100
137200
137200
137200
137200
137200
137200
137200
137200
137200
137200
137200
137300
137300
137400
137400
137400
137800
137800
137900
138100
138200
138200
138200
138200
138200
138200
138200
138200
138300
138300
138300
138300
138400
138400
138400
138500
138500
138500
138500
138500
138500
138500
138500
138500
138500
138500
138500
138500
138500
138500
138500
138500
138500
138500
138600
138600
138900
138900
138900
138900
138900
138900
139000
139200
139200
139200
139300
139400
139400
139400
139400
139400
139500
139600
139600
139600
139600
139700
140200
140200
140200
140200
140200
140400
140400
140400
140500
140700
140700
140700
140700
140700
140700
140700
140800
140800
140900
140900
140900
141000
141300
141300
141300
141400
141400
141600
141700
141700
141700
141700
141700
141800
141800
141800
141900
141900
142000
142000
142000
142000
142000
142000
142000
142000
142000
142000
142000
142000
142000
142000
142100
142100
142100
142100
142100
142100
142100
142100
142100
142100
142100
142100
142100
142100
142100
142100
142100
142200
142200
142200
142200
142200
142200
142200
142200
142200
142200
142200
142200
142200
142200
142200
142200
142200
142200
142200
142200
142200
142200
142200
142200
142300
142300
142300
142300
142300
142300
142300
142300
142300
142300
142300
142300
142300
142300
142300
142300
142300
142400
142400
142400
142400
142600
142600
142600
142700
142700
142700
142700
142700
142700
142700
142700
142700
142700
142700
142700
142700
142700
142700
142800
142800
142800
142800
142800
142800
142800
142800
142900
142900
142900
142900
142900
143000
143000
143000
143000
143000
143000
143000
143000
143000
143100
143100
143100
143100
143100
143100
143100
143100
143100
143100
143100
143100
143100
143100
143100
143100
143100
143100
143100
143100
143100
143100
143400
143400
143400
143400
143600
143600
143700
143700
143700
143700
143700
143700
143700
143700
143700
143800
143800
143800
143800
143800
143800
143800
143800
143800
143800
143800
143800
143800
143800
143800
144000
144200
144200
144200
144200
144300
144300
144300
144300
144300
144300
144300
144300
144300
144300
144300
144400
144400
144400
144400
144400
144400
144400
144400
144400
144400
144400
144400
144400
144400
144400
144500
144500
144500
144500
144500
144500
144500
144500
144500
144500
144500
144500
144500
144500
144500
144600
144600
144600
144600
144600
144600
144600
144600
144600
144700
144900
144900
144900
144900
144900
145000
145200
145400
145400
145600
145700
146000
146200
146200
146200
146300
146300
146300
146300
146300
146300
146300
146300
146300
146300
146300
146300
146300
146300
146400
146400
146400
146400
146400
146400
146400
146400
146400
146400
146400
146400
146400
146400
146400
146400
146400
146400
146400
146400
146400
146400
146500
146500
146500
146500
146500
146600
146600
146600
146700
146700
146700
146700
146700
146700
146700
146700
146700
146700
146700
146700
146800
146800
146900
146900
146900
146900
146900
146900
146900
146900
146900
146900
146900
146900
146900
146900
146900
146900
146900
147000
147000
147000
147000
147000
147000
147000
147000
147000
147100
147400
147400
147400
147400
147400
147400
147400
147400
147500
147500
147500
147500
147500
147500
147600
147600
147700
147700
147800
147800
147800
147800
148000
148000
148100
148200
148500
148600
148600
148600
148700
148700
148700
148900
148900
148900
148900
148900
149100
149100
149100
149100
149100
149100
149100
149200
149300
149300
149300
149300
149300
149300
149300
149300
149300
149400
149400
149400
149400
149400
149500
149500
149500
149500
149500
149500
149500
149500
149500
149500
149500
149500
149500
149600
149600
149600
149600
149600
149600
149600
149600
149600
149600
149600
149600
149600
149600
149600
149600
149600
149600
149600
149600
149600
149600
149600
149600
149600
149600
149600
149600
149600
149600
149600
149600
149700
149700
149700
149700
149800
149800
149800
149800
149800
150000
150100
150100
150100
150200
150200
150200
150200
150200
150300
150300
150300
150300
150400
150600
150600
150600
150600
150600
150800
150800
150800
150800
150800
150800
150800
150800
150800
150800
150800
150800
150900
150900
150900
150900
151000
151100
151100
151300
151800
151800
151800
151800
152000
152300
152400
152400
152400
152600
152600
152600
152600
152600
152600
152600
152700
152700
152700
152800
152800
152900
152900
152900
152900
152900
153000
153000
153300
153300
153500
153500
153500
153500
153600
153600
153600
153600
153600
153600
153700
153700
153700
153700
153700
153700
153700
153800
153800
154000
154000
154100
154100
154100
154100
154100
154200
154200
154200
154300
154700
154800
154800
154800
154800
154900
155000
155200
155400
155900
155900
156000
156000
156000
156000
156900
156900
156900
157000
157000
157000
157000
157000
157000
157000
157000
157000
157000
157000
157000
157000
157000
157000
157000
157000
157000
157000
157000
157000
157000
157000
157000
157000
157000
157000
157000
157000
157000
157000
157000
157000
157000
157000
157000
157000
157000
157000
157000
157000
157000
157000
157000
157000
157100
157100
157100
157100
157400
157400
157500
157500
157600
157600
157600
157600
157600
157600
157700
157700
157800
157800
157800
157900
157900
158000
158000
158000
158000
158000
158000
158000
158000
158000
158000
158000
158000
158000
158000
158000
158000
158000
158000
158000
158000
158000
158000
158000
158000
158000
158000
158100
158100
158100
158100
158100
158100
158200
158500
158500
158600
158600
158600
158600
158700
158700
158700
158700
158700
158800
158800
158800
158800
158800
158900
158900
159000
159000
159100
159100
159100
159200
159200
159300
159500
159600
159600
159800
159800
159900
159900
159900
159900
159900
159900
159900
159900
159900
159900
159900
160100
160200
160500
160800
161100
161100
161200
161200
161200
161200
161200
161200
161200
161200
161200
161200
161200
161200
161300
161300
161300
161400
161400
161400
161400
161500
161500
161500
161500
161600
161600
161600
161600
161600
161800
161900
161900
161900
161900
161900
161900
161900
161900
162000
162000
162000
162100
162100
162100
162100
162100
162100
162100
162100
162100
162100
162100
162100
162200
162200
162200
162200
162200
162200
162200
162200
162200
162200
162200
162200
162200
162300
162300
162400
162400
162400
162400
162400
162400
162600
162600
162600
162600
162600
162700
162800
162800
162800
162800
163000
163100
163100
163200
163200
163300
163300
163300
163300
163400
163700
163900
163900
163900
163900
163900
164000
164000
164000
164000
164000
164000
164000
164000
164000
164000
164100
164100
164100
164200
164300
164500
164600
164600
164700
164700
164700
164700
164700
164700
164700
164700
164700
164700
164700
164700
164700
164700
164700
164700
164700
164700
164700
164700
164700
164700
164800
164800
164800
164800
164800
164900
165000
165000
165000
165000
165000
165000
165000
165000
165000
165000
165000
165000
165000
165000
165000
165000
165100
165100
165100
165100
165100
165100
165100
165100
165100
165100
165100
165100
165100
165100
165100
165100
165200
165200
165200
165200
165200
165200
165200
165200
165200
165200
165200
165300
165300
165300
165300
165300
165300
165400
165400
165400
165500
165500
165500
165500
165500
165500
165500
165500
165500
165500
165500
165500
165500
165500
165500
165500
165500
165600
165600
165600
165700
165700
165700
165700
165700
165700
165700
165700
165700
165700
165800
165800
165800
165800
165800
165800
165800
165800
165800
165800
165800
165800
165800
165800
165800
165800
165800
165800
165800
165800
165800
165800
165800
165900
165900
165900
165900
165900
165900
165900
165900
165900
165900
165900
165900
165900
165900
165900
165900
165900
165900
165900
165900
165900
165900
165900
166000
166000
166000
166000
166000
166000
166000
166100
166100
166100
166100
166200
166200
166300
166300
166300
166300
166300
166300
166300
166300
166300
166300
166300
166300
166300
166300
166300
166300
166300
166400
166400
166400
166400
166400
166400
166500
166600
166600
166600
166900
166900
166900
166900
166900
166900
166900
167000
167000
167300
167400
167500
167600
167600
168000
168000
168100
168200
168300
168300
168700
168700
168800
168800
169000
169100
169200
169200
169200
169200
169200
169200
169300
169500
169500
169600
169600
169600
169700
169700
169900
169900
170000
170400
170500
170500
170600
170600
170700
170700
170700
170700
170700
170700
170700
170800
170800
170800
170800
170800
170800
170800
170800
170800
170800
170900
170900
170900
170900
170900
170900
170900
170900
170900
170900
170900
170900
170900
170900
170900
170900
170900
170900
170900
170900
171000
171000
171100
171100
171100
171200
171200
171300
171300
171600
171600
171600
171600
171600
171600
171600
172000
172400
172400
172400
172400
172400
172500
172500
172600
172700
172700
172700
172800
172800
172800
173000
173000
173000
173000
173100
173100
173100
173200
173200
173200
173200
173200
173200
173200
173200
173300
173400
173400
173400
173500
173500
173500
173500
173500
173500
173500
173500
173600
173600
173600
173600
173600
173600
173700
173700
173700
173700
173700
173700
173700
173700
173800
173800
173800
173800
173800
173800
173800
173800
173800
173800
173800
173800
173800
173800
173800
173800
173800
173800
174500
174600
174600
174900
174900
174900
174900
175000
175100
175100
175200
175200
175200
175200
175300
175300
175300
175400
175400
175500
175500
175600
175600
175600
175600
175600
175900
176000
176000
176000
176000
176000
176000
176000
176000
176000
176000
176000
176000
176000
176100
176100
176100
176100
176100
176100
176100
176100
176100
176100
176100
176100
176100
176100
176100
176100
176100
176100
176100
176100
176100
176100
176100
176200
176200
176200
176200
176200
176200
176300
176300
176300
176400
176700
177300
177300
177500
177500
177500
177500
177500
177500
177500
177500
177500
177500
177500
177500
177500
177500
177600
177600
177600
177600
177600
177600
177600
177600
177600
177600
178100
178100
178100
178300
178600
178600
178700
178700
178700
178800
178800
178800
178900
178900
178900
178900
178900
178900
178900
178900
178900
178900
179000
179000
179100
179100
179100
179100
179100
179200
179200
179200
179200
179200
179200
179200
179200
179200
179200
179200
179200
179200
179200
179200
179300
179300
179300
179300
179300
179300
179300
179300
179300
179300
179300
179300
179300
179300
179300
179300
179300
179300
179300
179300
179300
179300
179300
179300
179300
179300
179300
179300
179300
179300
179300
179300
179300
179300
179300
179300
179300
179400
179400
179400
179400
179400
179400
179400
179400
179400
179400
179400
179400
179400
179400
179400
179400
179400
179400
179400
179400
179400
179400
179400
179400
179500
179500
179500
179500
179500
179500
179600
179700
179900
179900
180000
180000
180000
180000
180000
180000
180000
180000
180000
180000
180000
180000
180000
180000
180000
180000
180000
180000
180000
180000
180000
180100
180100
180100
180100
180200
180200
180200
180300
180900
181000
181100
181400
181400
182100
182200
182500
182500
182500
182500
182500
182500
182600
182600
182700
182700
182700
183100
183100
183100
183100
183100
183100
183100
183100
183100
183100
183100
183100
183100
183100
183100
183100
183100
183100
183100
183100
183100
183100
183100
183200
183200
183200
183200
183200
183200
183200
183200
183200
183200
183200
183200
183200
183200
183200
183200
183200
183200
183200
183200
183200
183200
183200
183200
183200
183200
183200
183200
183200
183300
183300
183300
183500
183500
183500
183500
183500
183500
183500
183500
183500
183500
183500
183500
183600
183800
184000
184100
184100
184200
184300
184300
184300
184300
184400
184500
184600
184700
184700
184700
184700
184700
184700
184700
184800
184900
184900
184900
184900
185100
185200
185200
185200
185200
185200
185300
185300
185300
185300
185300
185300
185400
185400
185400
185400
185400
185500
185500
185500
185500
185500
185500
185500
185500
185500
185500
185500
185500
185600
185600
185600
185600
185600
185600
185600
185700
185700
185700
185700
186000
186100
186300
186300
186900
186900
186900
186900
186900
187000
187000
187000
187000
187000
187100
187100
187100
187300
187300
187300
187300
187300
187300
187300
187300
187300
187300
187300
187300
187300
187400
187400
187400
187400
187400
187400
187400
187400
187400
187400
187400
187400
187400
187400
187400
187400
187400
187400
187400
187400
187400
187400
187400
187400
187500
187500
187500
187500
187500
187500
187500
187600
187700
187700
187700
187700
187700
187800
187800
187900
187900
188000
188000
188000
188000
188000
188000
188000
188000
188000
188000
188000
188000
188000
188000
188100
188100
188100
188100
188100
188100
188100
188100
188100
188100
188100
188300
188400
188400
