1100
1100
1100
1100
1100
1200
1200
1200
1200
1200
1200
1200
1200
1200
1200
1200
1200
1200
1200
1200
1200
1200
1200
1200
1200
1200
1200
1200
1200
1200
1200
1200
1200
1200
1200
1300
1300
1300
1300
1300
1600
1600
1700
1700
1700
1700
1700
1700
1700
1700
1800
1900
1900
2100
3100
3100
4600
4600
6500
8600
11300
17500
25100
38300
47200
73700
74400
74500
80100
80100
86600
88500
90500
90500
91600
92900
92900
92900
92900
92900
105600
111700
111700
111700
111700
111700
111700
111700
111700
111700
111700
111700
111700
111700
111800
111800
111800
111800
111800
111800
111800
111800
111800
111800
111800
111800
111800
111800
111800
111800
111800
111800
111800
111800
111800
111800
111800
111800
111800
111800
111800
111800
111800
111800
111800
111800
111800
111800
111800
111800
111800
111800
111800
111800
111800
111900
111900
112000
132800
136100
142400
142400
142400
144200
144500
144500
144500
144600
144600
144600
144600
144700
147700
158900
158900
158900
158900
158900
158900
160100
160300
160300
169200
174700
